Data	TMD
1	135.3464
2	142.7598
3	150.1732
4	157.5866
5	165.0000
6	142.0000
7	119.0000
8	96.0000
9	103.0000
10	112.4554
11	120.5616
12	129.6429
13	209.0000
14	176.9821
15	144.9643
16	112.9464
17	100.1786
18	101.7169
19	99.7334
20	97.7500
21	94.0000
22	98.7500
23	67.3874
24	85.2356
25	103.0838
26	106.0714
27	102.1429
28	147.7500
29	104.1071
30	158.1858
31	93.0000
32	155.0901
33	103.5000
34	125.0000
35	137.2381
36	104.9074
37	107.5000
38	115.0000
39	104.8438
40	106.5625
41	128.2124
42	149.8624
43	68.7500
44	72.6667
45	28.0000
46	50.3072
47	72.6144
48	80.5546
49	88.4948
50	96.4350
51	108.3737
52	120.3125
53	96.0000
54	98.7349
55	106.8675
56	115.0000
57	165.0000
58	104.0000
59	182.0000
60	112.2917
61	106.1458
62	100.0000
63	112.4554
64	94.0964
65	102.0721
66	87.0000
67	102.7108
68	90.3333
69	128.5000
70	130.9050
71	113.6406
72	96.3761
73	103.1881
74	110.0000
75	152.1171
76	116.0000
77	103.1250
78	105.0000
79	121.0671
80	113.0556
81	118.1481
82	93.3036
83	160.9633
84	109.0179
85	186.0778
86	172.5659
87	159.0541
88	144.6325
89	130.2110
90	115.7895
91	121.3657
92	126.9419
93	132.5181
94	114.0000
95	110.1777
96	106.3554
97	115.9653
98	125.5752
99	112.8769
100	100.1786
101	134.2500
102	116.4268
103	98.6036
104	116.0000
105	97.0000
106	110.9649
107	111.4732
108	111.6428
109	111.8124
110	111.9820
111	102.0721
112	130.0000
113	96.7411
114	96.3705
115	96.0000
116	99.0000
117	92.5792
118	143.1183
119	76.2500
120	110.9649
121	100.9174
122	78.5714
123	103.0000
124	118.4234
125	97.0000
126	96.6216
127	118.9189
128	121.2946
129	106.6867
130	119.9099
131	116.0000
132	115.5463
133	115.0926
134	101.7427
135	88.3929
136	105.5204
137	88.6111
138	110.0736
139	131.5361
140	116.9369
141	174.0000
142	81.0000
143	71.3024
144	87.5031
145	103.7037
146	119.9044
147	136.1051
148	96.6216
149	119.0000
150	114.1401
151	109.2802
152	104.4203
153	113.5435
154	122.6667
155	95.0000
156	104.9107
157	114.8214
158	124.7321
159	133.4259
160	98.1437
161	121.5719
162	145.0000
163	100.0000
164	91.7771
165	88.9064
166	86.0357
167	89.6905
168	93.3452
169	97.0000
170	172.0000
171	146.6239
172	121.2477
173	95.8716
174	106.0714
175	104.0776
176	102.0839
177	100.0901
178	82.4558
179	64.8214
180	76.9249
181	89.0284
182	101.1318
183	113.2353
184	110.0710
185	106.9068
186	103.7425
187	132.3833
188	161.0241
189	118.7620
190	76.5000
191	62.6000
192	75.4964
193	88.3929
194	92.5952
195	96.7976
196	101.0000
197	106.8868
198	97.3451
199	89.9226
200	82.5000
201	126.0000
202	97.7778
203	99.6430
204	101.5083
205	103.3735
206	107.9765
207	112.5796
208	117.1827
209	121.7857
210	104.0000
211	123.7500
212	83.2432
213	112.4775
214	79.4444
215	59.6386
216	100.5856
217	98.6655
218	96.7455
219	94.8255
220	92.9054
221	98.0244
222	103.1434
223	108.2624
224	113.3814
225	118.5004
226	123.6194
227	128.7384
228	133.8574
229	138.9764
230	144.0953
231	149.2143
232	154.3333
233	121.7857
234	126.0000
235	154.0000
236	119.4940
237	122.7470
238	126.0000
239	56.0000
240	145.3211
241	133.5714
242	131.2048
243	111.6024
244	92.0000
245	92.5000
246	116.5554
247	140.6109
248	123.2932
249	105.9756
250	131.4878
251	157.0000
252	107.0181
253	107.5269
254	108.0357
255	110.4955
256	101.0000
257	107.4685
258	113.9369
259	120.4054
260	96.0000
261	110.0000
262	93.0000
263	51.0714
264	111.4602
265	91.5000
266	104.0361
267	126.2963
268	108.5135
269	89.3750
270	94.5614
271	127.2289
272	127.6786
273	110.4955
274	104.0000
275	140.5000
276	117.9518
277	120.6651
278	123.3784
279	96.7593
280	103.5586
281	141.7690
282	122.9897
283	104.2105
284	104.0000
285	135.0000
286	148.6341
287	146.0097
288	143.3853
289	140.7609
290	138.1365
291	135.5120
292	126.4391
293	117.3661
294	95.0000
295	117.9279
296	136.0135
297	154.0991
298	130.5495
299	107.0000
300	106.0714
301	93.0000
302	92.7738
303	92.5476
304	92.3214
305	115.5505
306	104.1608
307	92.7711
308	96.1178
309	99.4645
310	102.8112
311	62.3661
312	115.0000
313	106.0241
314	106.5315
315	110.7358
316	114.9401
317	120.8542
318	126.7683
319	109.3016
320	91.8349
321	104.0462
322	116.2575
323	114.1717
324	112.0858
325	110.0000
326	101.0542
327	92.1084
328	83.1627
329	122.5439
330	105.4587
331	151.5000
332	125.8084
333	109.3524
334	92.8963
335	58.9286
336	90.0000
337	80.3517
338	70.7034
339	61.0550
340	111.9643
341	165.0000
342	114.4595
343	109.3964
344	104.3333
345	101.5679
346	98.8024
347	89.9102
348	100.6218
349	111.3333
350	103.8333
351	96.3333
352	114.0000
353	86.6168
354	93.3036
355	100.3333
356	134.0625
357	140.0000
358	107.1053
359	50.8259
360	145.0000
361	94.0000
362	90.0000
363	132.0000
364	132.5893
365	133.2883
366	144.3750
367	96.8263
368	183.1696
369	150.7407
370	132.2037
371	113.6667
372	131.5000
373	149.3333
374	114.9107
375	94.0000
376	92.6577
377	103.0000
378	114.6108
379	102.5676
380	120.8036
381	94.2857
382	91.4652
383	99.4832
384	98.3221
385	97.1611
386	96.0000
387	90.0000
388	94.1441
389	95.4535
390	96.7629
391	98.0723
392	102.0721
393	99.3976
394	91.1712
395	109.0000
396	119.8214
397	134.4444
398	125.7441
399	117.0437
400	108.3434
401	95.0000
402	81.8373
403	104.6667
404	90.3571
405	86.5741
406	90.7500
407	128.3333
408	113.2738
409	98.2143
410	109.7090
411	121.2037
412	84.9123
413	119.0000
414	92.0000
415	140.0000
416	142.2754
417	94.2857
418	107.4762
419	120.6667
420	106.0000
421	121.9565
422	120.4211
423	150.7105
424	181.0000
425	116.5000
426	108.9167
427	101.3333
428	87.0000
429	96.4157
430	94.0000
431	71.9666
432	111.3111
433	150.6555
434	190.0000
435	124.0000
436	92.6316
437	118.8393
438	98.7963
439	113.0000
440	121.3333
441	125.1111
442	128.8889
443	132.6667
444	129.0533
445	125.4400
446	121.8267
447	118.2133
448	114.6000
449	114.9315
450	115.2630
451	115.5945
452	115.9260
453	116.2575
454	101.5000
455	93.0000
456	92.3214
457	106.3688
458	120.4161
459	134.4635
460	148.5108
461	162.5582
462	176.6055
463	154.9037
464	133.2018
465	111.5000
466	120.8036
467	145.8482
468	108.0357
469	98.2143
470	114.7531
471	96.2500
472	146.8902
473	142.0734
474	137.2566
475	93.4337
476	133.5714
477	129.6547
478	92.0000
479	64.4964
480	126.8056
481	83.5000
482	97.2321
483	104.3110
484	111.3899
485	126.1949
486	141.0000
487	114.7285
488	122.7679
489	110.3839
490	98.0000
491	106.0479
492	106.6643
493	107.2807
494	107.8971
495	108.5135
496	97.0000
497	140.0000
498	91.0000
499	104.0000
500	90.0000
501	91.0000
502	118.5437
503	135.9916
504	135.0000
505	115.6250
506	96.2500
507	105.3547
508	114.4595
509	102.5538
510	90.6481
511	93.6991
512	96.7500
513	108.0000
514	88.7624
515	122.7679
516	125.3604
517	118.7538
518	112.1471
519	105.5405
520	92.7711
521	94.2857
522	96.1261
523	87.0000
524	132.4818
525	114.9699
526	101.1607
527	108.0619
528	114.9631
529	121.8643
530	128.7655
531	135.6667
532	90.3211
533	115.5354
534	140.7498
535	156.4899
536	172.2300
537	187.9702
538	184.7619
539	153.1309
540	121.5000
541	115.4977
542	109.4954
543	118.0000
544	91.1243
545	129.8198
546	144.2073
547	143.0000
548	101.0542
549	124.7321
550	102.2563
551	70.5000
552	83.4940
553	133.4756
554	112.0000
555	94.6667
556	106.5315
557	122.0000
558	153.0000
559	121.6441
560	52.0536
561	88.0418
562	101.0000
563	172.9518
564	131.4679
565	89.9839
566	48.5000
567	62.5230
568	76.5459
569	90.5689
570	61.5000
571	88.6964
572	115.8929
573	119.1667
574	119.4045
575	119.6424
576	119.8802
577	126.0000
578	95.7530
579	122.5439
580	99.4611
581	102.7305
582	106.0000
583	99.0000
584	94.5000
585	61.8750
586	177.0000
587	101.8519
588	106.8194
589	111.7869
590	116.7544
591	116.8772
592	117.0000
593	61.5000
594	97.1557
595	63.0982
596	93.1532
597	105.2500
598	129.6429
599	74.8884
600	112.0370
601	108.5459
602	105.0547
603	101.5635
604	98.0723
605	115.5361
606	133.0000
607	168.9640
608	158.7975
609	148.6310
610	92.0000
611	132.3952
612	127.8495
613	123.3038
614	118.7581
615	114.2124
616	109.6667
617	112.3034
618	114.9401
619	120.9189
620	126.8976
621	126.6964
622	91.3348
623	91.6667
624	91.9741
625	92.2814
626	92.5888
627	92.8962
628	93.2036
629	106.5000
630	107.3333
631	88.7719
632	120.9531
633	153.1342
634	185.3153
635	159.2281
636	133.1408
637	107.0536
638	107.9079
639	108.7623
640	109.6166
641	110.4710
642	111.3253
643	134.6766
644	158.0280
645	172.1070
646	156.5144
647	140.9218
648	125.3293
649	109.7367
650	94.1441
651	89.3750
652	96.9167
653	104.4583
654	112.0000
655	91.3393
656	100.5000
657	142.0000
658	183.5000
659	130.0000
660	114.5000
661	99.0000
662	92.0000
663	85.0000
664	103.4132
665	142.4107
666	105.0000
667	75.3153
668	109.5089
669	123.6686
670	123.9611
671	124.2535
672	124.7384
673	125.2232
674	127.3272
675	129.4311
676	184.5000
677	146.0000
678	197.2072
679	99.4037
680	95.0000
681	103.2456
682	183.8288
683	145.9144
684	108.0000
685	56.5000
686	117.1509
687	177.8017
688	158.2011
689	138.6006
690	119.0000
691	108.6982
692	88.3929
693	130.5000
694	122.2590
695	106.9725
696	110.7569
697	114.5413
698	112.8947
699	86.3804
700	96.0843
701	78.7838
702	107.0000
703	196.0000
704	109.0000
705	184.9375
706	194.0000
707	102.2807
708	118.1481
709	123.5741
710	129.0000
711	116.9745
712	104.9490
713	95.6888
714	86.4286
715	123.2407
716	128.3333
717	76.5000
718	120.5111
719	84.2342
720	82.3731
721	80.5120
722	95.9227
723	111.3333
724	104.0000
725	138.0000
726	116.6339
727	95.2679
728	128.2229
729	143.6937
730	161.9444
731	133.3832
732	149.1441
733	141.0000
734	136.4009
735	131.8018
736	101.0125
737	70.2232
738	77.6674
739	85.1116
740	92.5558
741	100.0000
742	100.0000
743	100.0000
744	100.0000
