data	uti
1992.01	69.4735
1992.02	70.4062
1992.03	70.6898
1992.04	71.2810
1992.05	72.4020
1992.06	72.8605
1992.07	73.6562
1992.08	73.2473
1992.09	73.4429
1992.10	74.9808
1992.11	74.0279
1992.12	71.0253
1993.01	72.6875
1993.02	72.6390
1993.03	75.3550
1993.04	74.7594
1993.05	75.7264
1993.06	75.9943
1993.07	75.7353
1993.08	75.9103
1993.09	75.8405
1993.10	76.8061
1993.11	77.0332
1993.12	74.2911
1994.01	75.0667
1994.02	74.2716
1994.03	76.5636
1994.04	74.4613
1994.05	75.6180
1994.06	75.9293
1994.07	76.2918
1994.08	78.6685
1994.09	79.3067
1994.10	79.9950
1994.11	80.4369
1994.12	78.8998
1995.01	79.4547
1995.02	78.6105
1995.03	81.3941
1995.04	78.1353
1995.05	78.9825
1995.06	77.7389
1995.07	76.9327
1995.08	77.6414
1995.09	76.5291
1995.10	77.8671
1995.11	77.6750
1995.12	75.5973
1996.01	75.6054
1996.02	76.4213
1996.03	77.9363
1996.04	77.1061
1996.05	78.3762
1996.06	77.5252
1996.07	78.8368
1996.08	79.1389
1996.09	79.3705
1996.10	79.9226
1996.11	80.0263
1996.12	77.9642
1997.01	77.9365
1997.02	76.7330
1997.03	78.2706
1997.04	78.9793
1997.05	79.0618
1997.06	78.9261
1997.07	79.5971
1997.08	79.2407
1997.09	80.2598
1997.10	80.2320
1997.11	79.4478
1997.12	75.6569
1998.01	77.4032
1998.02	77.3714
1998.03	78.8411
1998.04	78.2696
1998.05	79.3235
1998.06	78.9831
1998.07	79.5106
1998.08	79.4910
1998.09	79.2954
1998.10	78.8202
1998.11	77.7767
1998.12	73.6616
1999.01	73.8175
1999.02	74.9515
1999.03	77.9627
1999.04	77.7896
1999.05	80.2026
1999.06	78.6676
1999.07	78.4049
1999.08	78.9732
1999.09	79.0981
1999.10	79.7757
1999.11	80.2822
1999.12	78.6421
2000.01	78.4081
2000.02	80.2825
2000.03	80.4376
2000.04	79.8560
2000.05	80.9112
2000.06	80.4752
2000.07	80.9517
2000.08	81.8376
2000.09	81.2124
2000.10	81.9383
2000.11	82.1974
2000.12	79.9584
2001.01	80.3601
2001.02	80.4240
2001.03	81.8834
2001.04	81.0305
2001.05	81.8030
2001.06	80.7130
2001.07	80.1532
2001.08	80.7427
2001.09	80.2745
2001.10	80.7231
2001.11	80.0987
2001.12	76.6717
2002.01	79.1239
2002.02	79.3776
2002.03	81.2769
2002.04	81.7484
2002.05	81.3082
2002.06	80.6683
2002.07	81.4630
2002.08	82.0591
2002.09	81.6043
2002.10	82.5083
2002.11	81.3883
2002.12	79.6149
2003.01	79.5000
2003.02	79.2000
2003.03	79.8000
2003.04	79.3000
2003.05	80.2000
2003.06	79.6000
2003.07	79.2000
2003.08	79.9000
2003.09	80.6000
2003.10	80.7000
2003.11	80.2000
2003.12	78.5000
2004.01	78.9000
2004.02	79.1000
2004.03	81.3000
2004.04	81.1000
2004.05	81.6000
2004.06	82.4000
2004.07	82.9000
2004.08	83.5000
2004.09	83.8000
2004.10	83.8000
2004.11	83.0000
2004.12	81.3000
2005.01	81.0000
2005.02	81.1000
2005.03	82.6000
2005.04	81.9000
2005.05	82.2000
2005.06	82.4000
2005.07	81.9000
2005.08	82.7000
2005.09	81.8000
2005.10	82.6000
2005.11	82.7000
2005.12	80.3000
2006.01	79.5000
2006.02	80.3000
2006.03	81.3000
2006.04	80.1000
2006.05	82.8000
2006.06	82.3000
2006.07	81.9000
2006.08	83.0000
2006.09	83.0000
2006.10	83.3000
2006.11	83.1000
2006.12	80.7000
2007.01	80.3000
2007.02	80.7000
2007.03	82.5000
2007.04	81.6000
2007.05	83.4000
2007.06	82.8000
2007.07	83.1000
2007.08	84.4000
2007.09	83.8000
2007.10	85.0000
2007.11	84.8000
2007.12	82.1000
2008.01	82.4000
2008.02	82.7000
2008.03	83.2000
2008.04	83.4000
2008.05	84.0000
2008.06	84.1000
2008.07	84.7000
2008.08	84.4000
2008.09	85.1000
2008.10	85.0000
2008.11	82.9000
2008.12	78.1000
2009.01	77.0000
2009.02	77.2000
2009.03	78.9000
2009.04	79.5000
2009.05	80.7000
2009.06	80.5000
2009.07	81.3000
2009.08	81.9000
2009.09	82.6000
2009.10	83.7000
2009.11	83.3000
2009.12	81.1000
2010.01	79.8000
2010.02	79.8000
2010.03	82.8000
2010.04	83.6000
2010.05	84.4000
2010.06	83.9000
2010.07	84.3000
2010.08	84.8000
2010.09	84.5000
2010.10	85.0000
2010.11	85.0000
2010.12	81.7000
2011.01	81.6000
2011.02	82.3000
2011.03	83.3000
2011.04	82.9000
2011.05	84.0000
2011.06	83.6000
2011.07	83.6000
2011.08	84.6000
2011.09	84.0000
2011.10	84.2000
2011.11	83.7000
2011.12	80.4000
2012.01	79.0000
2012.02	81.0000
2012.03	82.2000
2012.04	81.6000
2012.05	82.8000
2012.06	82.0000
2012.07	82.6000
2012.08	83.3000
2012.09	83.2000
2012.10	84.0000
2012.11	83.6000
2012.12	80.7000
2013.01	81.8000
2013.02	81.3000
2013.03	82.2000
2013.04	83.1000
2013.05	83.0000
2013.06	82.3000
2013.07	82.9000
2013.08	83.3000
2013.09	83.0000
2013.10	84.0000
2013.11	83.2000
2013.12	79.8000
2014.01	80.7000
2014.02	81.4000
2014.03	80.9000
2014.04	81.1000
2014.05	81.4000
2014.06	80.1000
2014.07	81.8000
2014.08	81.8000
2014.09	82.3000
2014.10	82.6000
2014.11	82.0000
2014.12	78.7000
2015.01	79.7000
2015.02	78.8000
2015.03	80.6000
2015.04	80.5000
2015.05	79.8000
2015.06	79.0000
2015.07	78.9000
2015.08	78.3000
2015.09	78.3000
2015.10	79.2000
2015.11	78.3000
2015.12	75.6000
2016.01	76.1000
2016.02	76.6000
2016.03	77.5000
2016.04	77.4000
2016.05	77.4000
2016.06	77.4000
2016.07	76.8000
2016.08	77.7000
2016.09	77.6000
2016.10	77.6000
2016.11	77.2000
2016.12	74.9000
2017.01	75.9000
2017.02	75.2000
2017.03	76.9000
2017.04	76.3000
2017.05	77.9000
2017.06	77.2000
2017.07	77.8000
2017.08	78.6000
2017.09	78.4000
2017.10	79.2000
2017.11	79.0000
2017.12	75.7000
2018.01	76.6000
2018.02	76.6000
2018.03	78.1000
2018.04	78.0000
2018.05	76.4000
2018.06	77.4000
2018.07	78.1000
2018.08	79.1000
2018.09	78.2000
2018.10	78.6000
2018.11	77.7000